%YAML:1.0
---
model_type: PINHOLE
camera_name: pinhole
image_width: 640
image_height: 480
distortion_parameters:
   k1: -2.9549026000000000e-01
   k2: 7.5782775999999996e-02
   p1: -1.6403197999999999e-04
   p2: 8.7738037000000002e-04
projection_parameters:
   fx: 3.5043358999999998e+02
   fy: 3.5090732000000003e+02
   cx: 3.1922089000000000e+02
   cy: 2.4540890999999999e+02
