%YAML:1.0

#common parameters
#support: 1 imu 1 cam; 1 imu 2 cam: 2 cam; 
imu: 1         
num_of_cam: 2  

#imu_topic: "/imu0"
imu_topic: "/mavros/imu/data_raw"
#image0_topic: "/cam0/image_raw"
#image1_topic: "/cam1/image_raw"
image0_topic: "/camera/infra1/image_rect_raw"
image1_topic: "/camera/infra2/image_rect_raw"
output_path: "/home/dji/output/xia"

cam0_calib: "left.yaml"
cam1_calib: "right.yaml"
image_width: 640
image_height: 480
   

# Extrinsic parameter between IMU and Camera.
estimate_extrinsic: 1   # 0  Have an accurate extrinsic parameters. We will trust the following imu^R_cam, imu^T_cam, don't change it.
                        # 1  Have an initial guess about extrinsic parameters. We will optimize around your initial guess.

body_T_cam0: !!opencv-matrix
   rows: 4
   cols: 4
   dt: d
   data: [ 5.6235804688953284e-03, -9.9863059086328876e-01,
       5.2012674750955959e-02, -7.8619138798035434e-02,
       -9.9998141990958744e-01, -5.4935788652750173e-03,
       2.6420497453007695e-03, 1.6181689244691280e-02,
       -2.3526959675016397e-03, -5.2026566130102009e-02,
       -9.9864292979943281e-01, -5.8713680160893518e-02, 0., 0., 0., 1. ]
body_T_cam1: !!opencv-matrix
   rows: 4
   cols: 4
   dt: d
   data: [ 5.5848804411396946e-03, -9.9856115124623468e-01,
       5.3333257281480126e-02, -7.8394011597572408e-02,
       -9.9998252193843595e-01, -5.4734331184802532e-03,
       2.2354747914096716e-03, -3.4605056729719530e-02,
       -1.9403422645710953e-03, -5.3344809978965152e-02,
       -9.9857426680252703e-01, -5.8527482783365350e-02, 0., 0., 0., 1. ]

#Multiple thread support
multiple_thread: 1

#feature traker paprameters
max_cnt: 150            # max feature number in feature tracking
min_dist: 30            # min distance between two features 
freq: 10                # frequence (Hz) of publish tracking result. At least 10Hz for good estimation. If set 0, the frequence will be same as raw image 
F_threshold: 1.0        # ransac threshold (pixel)
show_track: 1           # publish tracking image as topic
flow_back: 1            # perform forward and backward optical flow to improve feature tracking accuracy

#optimization parameters
max_solver_time: 0.04  # max solver itration time (ms), to guarantee real time
max_num_iterations: 8   # max solver itrations, to guarantee real time
keyframe_parallax: 10.0 # keyframe selection threshold (pixel)

#imu parameters       The more accurate parameters you provide, the better performance
acc_n: 0.5          # accelerometer measurement noise standard deviation. 
gyr_n: 0.3         # gyroscope measurement noise standard deviation.     
acc_w: 0.002        # accelerometer bias random work noise standard deviation.  
gyr_w: 0.002       # gyroscope bias random work noise standard deviation.     
g_norm: 9.805     # gravity magnitude

#unsynchronization parameters
estimate_td: 1                      # online estimate time offset between camera and imu
td: 0.017                             # initial value of time offset. unit: s. readed image clock + td = real image clock (IMU clock)

#loop closure parameters
load_previous_pose_graph: 0        # load and reuse previous pose graph; load from 'pose_graph_save_path'
pose_graph_save_path: "/home/dji/output/xia" # save and load path
save_image: 1                   # save image in pose graph for visualization prupose; you can close this function by setting 0 
