%YAML:1.0

#common parameters
#support: 1 imu 1 cam; 1 imu 2 cam: 2 cam; 
imu: 1         
num_of_cam: 2  

#imu_topic: "/imu0"
imu_topic: "/mavros/imu/data_raw"
#image0_topic: "/cam0/image_raw"
#image1_topic: "/cam1/image_raw"
image0_topic: "/camera/infra1/image_rect_raw"
image1_topic: "/camera/infra2/image_rect_raw"
output_path: "/home/dji/output/xianxia/"

cam0_calib: "left.yaml"
cam1_calib: "right.yaml"
image_width: 640
image_height: 480
   

# Extrinsic parameter between IMU and Camera.
estimate_extrinsic: 1   # 0  Have an accurate extrinsic parameters. We will trust the following imu^R_cam, imu^T_cam, don't change it.
                        # 1  Have an initial guess about extrinsic parameters. We will optimize around your initial guess.

body_T_cam0: !!opencv-matrix
   rows: 4
   cols: 4
   dt: d
   data: [ -5.3480553904619699e-02, -6.9415794859334645e-01,
       7.1783324857429998e-01, 1.7896175051038344e-02,
       -9.9816192426568828e-01, 5.7683395661719761e-02,
       -1.8584908155603708e-02, 1.6472068157249175e-02,
       -2.8506197576559422e-02, -7.1750774788124128e-01,
       -6.9596697366334559e-01, -3.2339149886155119e-02, 0., 0., 0., 1. ]
body_T_cam1: !!opencv-matrix
   rows: 4
   cols: 4
   dt: d
   data: [ -5.3770750106727494e-02, -6.9305694155494890e-01,
       7.1887466375958775e-01, 1.5044864012543898e-02,
       -9.9813988620432215e-01, 5.8018654722318153e-02,
       -1.8724403120943534e-02, -3.3083546723084299e-02,
       -2.8731063345847185e-02, -7.1854430028127902e-01,
       -6.9488748336137451e-01, -3.3720135390043766e-02, 0., 0., 0., 1. ]

#Multiple thread support
multiple_thread: 1

#feature traker paprameters
max_cnt: 150            # max feature number in feature tracking
min_dist: 30            # min distance between two features 
freq: 10                # frequence (Hz) of publish tracking result. At least 10Hz for good estimation. If set 0, the frequence will be same as raw image 
F_threshold: 1.0        # ransac threshold (pixel)
show_track: 1           # publish tracking image as topic
flow_back: 1            # perform forward and backward optical flow to improve feature tracking accuracy

#optimization parameters
max_solver_time: 0.04  # max solver itration time (ms), to guarantee real time
max_num_iterations: 8   # max solver itrations, to guarantee real time
keyframe_parallax: 10.0 # keyframe selection threshold (pixel)

#imu parameters       The more accurate parameters you provide, the better performance
acc_n: 0.5          # accelerometer measurement noise standard deviation. 
gyr_n: 0.3         # gyroscope measurement noise standard deviation.     
acc_w: 0.002        # accelerometer bias random work noise standard deviation.  
gyr_w: 0.002       # gyroscope bias random work noise standard deviation.     
g_norm: 9.805     # gravity magnitude

#unsynchronization parameters
estimate_td: 1                      # online estimate time offset between camera and imu
td: 0.017                             # initial value of time offset. unit: s. readed image clock + td = real image clock (IMU clock)

#loop closure parameters
load_previous_pose_graph: 0        # load and reuse previous pose graph; load from 'pose_graph_save_path'
pose_graph_save_path: "/home/dji/output/xianxia" # save and load path
save_image: 1                   # save image in pose graph for visualization prupose; you can close this function by setting 0 
